733377
657571
863570
330531
252787
335420
804222
787529
521898
601793
228276
697337
653383
684953
853828
291667
424453
858635
570467
967656
221416
935800
33254
55209
937101
728659
574400
443277
778293
869861
286621
666531
726246
509732
461829
520449
184606
905534
543522
373808
325798
696265
99215
358330
577463
478514
561002
84383
36776
422130
522718
248413
333117
32140
437915
417103
765124
223623
349567
245969
261642
244578
220675
758761
99269
988421
576794
689905
743937
468332
840382
509688
844583
317235
978017
433873
474177
448619
694338
932323
164771
534957
446075
711631
291666
895089
712881
142489
448106
585313
188062
96958
785248
314305
295617
536328
188189
977051
475709
397302
894108
499950
571962
69300
60683
346172
856583
661699
22296
53333
218057
247698
383086
837312
441950
758904
558597
101952
385007
168042
595646
230887
972361
855809
30299
868090
34629
652392
54835
585881
750023
157936
58965
434813
115760
234902
722470
333537
424898
987274
428541
548497
866079
40376
328232
765766
346154
611326
844494
493922
611186
985017
924854
417294
292419
245214
104997
76977
944119
205322
701018
952822
142087
560761
859338
771847
972634
749570
223640
359214
628473
484063
302547
681029
392964
571239
663314
130740
60097
622222
280313
778515
367581
674620
360368
761893
968247
646553
307714
584145
419387
424170
366103
854494
748743
848913
593360
825194
537121
281626
