173891
997476
869219
136357
351603
206227
858635
501727
676453
677625
79948
601953
598812
236304
206770
399506
272968
334741
861098
743374
645085
172813
883665
467782
292941
338750
411431
679686
105434
850659
809876
19504
232563
184937
564176
229707
819342
496205
518901
282135
893720
241729
376094
647412
818563
807219
235208
826970
748607
17834
385502
534490
633293
251207
708569
746695
280086
102596
480213
530048
834996
79026
67483
915772
75140
107086
60186
215016
729637
9103
932314
469342
56773
942406
450504
114127
770836
290716
814704
87365
830670
929431
711821
337778
607359
717676
562909
406266
975490
715692
509881
568748
460288
458419
591032
293373
890749
968195
59258
546395
678702
880016
548325
358289
602621
548406
773239
148961
546514
354924
492315
992396
540036
546905
217281
351313
562509
680426
620566
863754
535960
720188
218712
926126
238569
636195
663214
910944
266188
941269
364575
562121
871465
291705
376740
729452
987764
875244
196962
634923
839500
377859
143793
126242
744216
56137
329568
494546
153083
941695
337332
409854
670692
343568
584855
799805
382847
588409
52001
874362
263799
347781
176280
96154
311588
783997
12387
212866
337846
831255
857794
88823
359673
92825
367672
86719
675184
540239
107193
571382
528998
535218
498521
196374
717181
940976
781154
67994
555387
710165
302055
858549
804283
335621
816208
927831
161638
342883
430777
34558
232040
753420
750847
315159
627831
139814
340644
836239
421464
661774
632548
799846
627209
280356
625613
888011
34067
124665
421079
290371
463251
506522
863687
366622
862569
736421
239398
939463
371336
512844
435524
21741
949077
480774
509804
726535
818393
915607
949064
304054
323669
171325
42192
524924
227257
457740
521038
845590
269868
561813
863486
202800
479104
249384
623271
877242
115129
732764
151237
876345
557018
568179
27619
319718
284651
366934
316479
8708
68746
892704
652041
419695
995754
89657
443303
331033
995080
430206
988627
272633
737810
364587
169643
583539
534978
176613
31567
209506
756841
751096
86436
110442
223834
619937
130007
75308
763879
382145
165242
592572
588641
29503
480514
394508
538235
374177
517519
327757
191410
417074
364095
776231
562827
14235
794064
368761
699588
689148
408698
17611
794766
610247
744289
245707
284282
891626
966298
826431
980890
184026
253869
368215
419594
591569
451470
668994
910812
137462
472548
130499
933878
16189
230784
793060
701930
422076
149972
128483
627649
239508
96900
262075
955373
70674
181686
837888
139604
141808
928025
732323
333416
514894
497543
528631
951077
900249
689120
19909
233467
422657
697873
696550
268069
196059
369301
380128
124373
404140
165355
711946
138325
954177
484883
103421
395311
602239
946066
41113
352053
547013
952024
24988
894643
710584
616108
505992
484437
89025
680137
689692
422387
371444
243027
888393
251045
161038
11406
188083
59878
15732
593361
276244
199885
942128
264038
649821
457581
439845
121768
745372
148718
504864
229425
572186
895013
144782
641805
434125
395898
47024
106262
836350
679702
599463
848334
607736
165696
230
755462
493951
293636
10661
425905
177979
366662
354338
941200
731874
957297
919214
690436
351741
865966
240260
823238
914349
168277
93283
735989
744456
443248
351291
489544
259717
99361
259583
97339
435792
998564
88715
499260
104372
742595
273123
375292
466732
654154
2754
204856
665375
111657
821377
390491
636933
310529
204348
758899
572015
294241
469630
853202
414464
224169
395779
230497
186397
38748
274594
495098
272196
384137
745990
894736
666312
585560
694313
926912
49797
27569
863855
683435
374743
411935
199908
179078
663371
144284
247262
179138
826592
394199
191903
321273
134191
400751
141613
321530
481193
759245
241671
40766
53744
418097
862225
738369
55471
81379
339081
89168
504863
754816
105367
706365
892679
520421
161242
491912
499918
561252
989162
862942
581963
518839
739580
250871
238883
192027
632630
713809
567671
887192
792933
908480
193354
695552
83062
134768
31983
170315
412759
553125
422556
866995
818541
247944
343347
957957
70824
908202
448538
924556
943650
998072
888314
658550
383704
934937
516573
588573
223039
853487
23498
664850
185812
723266
260975
536726
568076
821301
726818
765667
368009
729923
575070
792109
342238
335379
871719
656579
659061
583639
44630
932423
76622
285332
282264
327306
235379
4743
131654
933484
365778
634078
415858
261522
914181
563656
312524
535947
795017
129309
922579
595873
541560
452003
982369
48368
419349
885219
426306
957075
970477
377939
908064
72812
898883
130010
257672
260354
542090
222744
428111
691716
20021
826692
696641
641530
741347
557260
896959
453528
658009
31363
31379
735090
55056
914999
400520
920735
930791
438424
893916
727117
269836
635273
680058
493689
116200
959398
38439
320848
768104
219883
369035
223179
464102
101003
833515
463726
142548
671125
304177
554024
850007
245601
406922
387604
791199
233557
729655
923248
550670
389961
435187
870508
657416
366004
841724
807952
712971
956226
255095
314494
671078
81319
266217
415720
926257
689899
872589
977164
526101
216003
920610
409564
793479
637535
337309
883874
270283
321389
948726
547358
578113
768144
768300
106970
544646
5683
75889
146588
130339
930029
409576
771911
832387
240820
949894
404602
19865
728248
50326
294632
708079
877298
28227
885736
284623
929895
819743
686677
126419
728888
290760
447221
465583
705366
801727
75201
883043
490224
569777
807898
301287
739070
44514
756800
756009
237491
577597
849751
943580
909965
284053
133989
819626
239715
396934
406693
522427
663779
551306
616682
390089
60936
326393
478671
629234
779998
83178
946272
217720
769877
839029
363014
459687
708076
368735
724481
614819
149524
94807
791011
834807
72761
246732
403478
143167
738706
732940
782114
651551
498890
756376
872069
514945
297018
194510
702906
84245
338745
346336
922143
153919
840246
793844
839104
16107
320066
85741
880055
246534
677806
122588
83131
720384
590146
471818
359921
94175
323098
177861
967361
286676
444827
627909
519865
770794
144310
453660
272013
235967
187513
910852
698321
192738
196454
212595
200001
561749
632777
375426
153745
584287
992799
544448
237789
711824
233695
911839
812490
918466
621341
326556
769201
768999
437555
658673
21225
104246
346945
829624
607902
996078
843551
47346
230556
403091
842138
890968
732330
690487
840959
231404
843579
62345
514608
318492
390067
55597
96433
716267
434815
994037
406902
172777
912571
947242
77587
869600
177163
252167
960818
875542
57529
852826
187481
803975
28106
376334
823562
667938
273960
976080
463221
3315
578434
401988
612293
653013
398292
924178
970537
712649
314810
108949
369531
589958
544388
256228
910173
182087
630676
14234
272309
334871
102239
952853
236383
166489
585258
594607
285262
502340
199334
556912
378979
107708
559518
10172
460523
317302
49649
380192
760941
625648
800324
923098
87837
396760
359553
834421
985634
312265
429025
624719
47059
100441
784627
293312
193370
919336
534095
891735
55237
235222
314929
1872
319323
51977
432683
351112
257882
635534
34156
109430
537556
236289
927471
56705
203891
414950
497536
168597
101285
52845
319936
27103
315110
247347
694409
834103
988255
121066
808824
341166
29171
850193
124513
828558
32808
703763
950577
389244
391745
156758
117295
600517
691132
717411
703026
917345
693839
109631
610113
103604
858399
800760
223061
245589
747211
578178
120768
733434
456175
834262
106142
796655
721873
609593
866757
593968
76723
789036
945014
365033
394824
693885
616673
459571
921383
869937
985240
819747
600885
390962
678593
985268
855533
45665
914270
133640
63267
534735
147615
414713
345396
730303
945149
950364
816680
419857
414671
706662
751914
469336
189722
960503
701671
954970
281171
550102
243638
604362
204468
115086
97211
341735
209334
378095
527796
399502
899118
652277
380918
603539
9754
182047
544665
689050
720452
137414
361987
291838
281524
267504
187307
414295
645375
712282
348384
7963
473411
853315
86863
197100
43797
883253
833976
819516
633072
126772
410558
864443
491257
970593
711193
510077
478068
135291
116375
994649
821881
246069
31622
907673
921945
477845
366771
525776
514391
419285
211647
559122
443027
105379
506486
433267
559945
513360
427937
286467
38574
972177
679381
683971
826568
681421
281515
445373
90730
350078
281454
893920
257120
756399
85775
676299
900628
869028
777679
94612
422915
932363
615436
635573
390190
645758
639929
938937
635579
623808
40351
642353
82090
479255
778533
209599
202489
149945
554944
688310
277474
228597
979420
671514
509190
345216
591
206219
390821
688692
9152
650178
12053
450683
559269
311990
754999
431968
715942
819983
450197
697698
931775
707484
921291
836200
657866
242866
158142
760813
984601
660604
459653
65943
697610
297339
362015
244574
79274
113050
969873
540656
389304
341688
819770
924336
257788
883307
117521
838802
699532
26055
212500
568372
204129
20850
416815
727145
646069
660724
228444
386255
675205
275151
368587
484824
720151
395966
681348
269185
18285
865701
629799
525153
638764
461571
937922
505340
912997
674720
798859
497477
462965
761797
778582
890536
277790
869412
116157
618221
266368
547324
868800
120705
984287
946742
197198
806715
660882
72563
730784
419886
108647
260080
305648
296742
928673
438734
786350
494756
390009
834217
210871
44073
946430
740123
496921
919859
840724
278898
2772
537347
811829
369566
496267
527799
667249
956462
646233
104037
122241
652421
835560
405576
929963
604357
199673
206250
579913
38524
409141
371437
940998
562048
643258
392525
75507
453271
780099
70743
429987
286745
686712
493086
941454
171861
441624
807728
765774
288308
259559
738237
393242
590825
520325
933804
910690
676282
664660
798219
662562
785455
830809
560958
738409
453774
246126
264798
865539
840747
68055
641031
785075
717208
694571
443227
259108
886330
472021
115952
994050
291276
522798
319729
377435
211743
251370
266051
571196
699335
317774
88694
966631
171525
919485
751476
723104
898223
855198
855844
825620
295532
119178
598231
730284
609699
487111
368100
165744
668658
485706
555184
169381
6351
942075
167835
433263
912233
434038
123475
443479
758294
942468
148753
215143
961165
644813
767585
120198
97329
220144
127388
812708
417613
382441
149546
499179
307732
300719
305303
645297
100078
88876
363979
891087
62253
348604
355806
233694
629991
401312
675136
181574
7209
183221
374239
386826
885069
283228
520727
998984
859592
939078
548449
282102
604767
6396
218658
934148
260005
127379
371983
811408
898449
107084
963322
106702
45105
240579
556028
602322
974719
472476
572116
934857
776431
256339
365139
150924
79436
342474
90280
808585
307095
692265
639881
877613
635113
594307
270893
255594
572938
31364
882494
565615
583019
717947
518909
445856
402316
385753
357057
306706
78625
300786
299704
616741
89020
15627
357780
859918
764010
185852
365352
704221
504967
852213
264419
886894
111486
439896
69886
157892
20694
208403
175161
695033
455939
864045
448543
591233
315479
569218
571167
607091
593149
156691
128808
498504
478520
518872
527412
834153
661014
930344
656023
319754
831890
411481
81078
341012
575575
840458
331771
175457
962084
367302
323594
990196
432896
292868
630164
137816
306686
949206
670704
926343
843908
950198
249864
601881
794608
883346
679053
888648
265128
432330
771092
394810
32933
18461
806425
413677
18009
558449
767461
173116
894841
342749
902004
497717
928821
588426
548439
710429
773525
212013
370267
396877
480060
185334
174471
549590
959011
28970
207505
495006
848024
616988
710412
590471
118487
577974
1432
193099
580719
893576
976280
217420
152073
872223
337870
871176
274070
941172
78610
986245
198347
144778
471087
831632
317381
59144
378393
803798
428642
360483
946499
188396
992640
942777
185926
980122
364479
84013
837101
219168
27853
391277
845216
527645
419972
441794
766977
166154
381846
797352
77520
947087
63868
620269
667880
782427
523694
660445
420189
897655
877956
882352
500409
936864
319229
91604
960944
631446
39455
285279
923198
471559
558480
464264
593876
540087
589994
529423
826823
705226
132690
440947
961612
13831
587097
947126
271431
837919
75239
927354
408078
176834
890889
315675
340473
643619
673762
41183
132663
102104
198257
98145
986768
494245
2854
630533
224458
244387
372662
819768
650226
992767
233480
971268
234690
162815
33096
311609
244518
12318
573323
138548
153435
629083
902765
548
583648
860460
25652
177112
603236
819090
959693
472083
451552
28513
965226
584821
844204
868548
801677
856976
901312
3958
649937
551039
70591
388722
659531
593998
798416
814930
75942
769598
418719
367709
231062
809924
891942
757324
602733
892196
505325
696992
24780
205462
610847
474081
476392
930591
308095
686318
145894
163039
853027
728998
818164
936421
760940
569094
823113
410426
752610
714746
976255
592341
221557
551214
557762
379400
152826
70421
518088
147306
252895
441916
719537
493967
315197
727563
909326
490433
207600
579028
763632
177137
575337
421846
292116
867182
635577
538208
840998
464643
558193
275870
488098
524941
99097
293649
853687
134434
241980
522323
39292
707209
669760
446710
903057
722789
769825
855344
938607
939341
503890
804896
674412
12785
50293
857940
979881
875569
485721
416657
52846
235993
538422
664640
612624
329764
838214
933849
911587
677994
316360
762366
918231
869971
48944
802863
727602
120817
281894
601562
204674
525795
354899
752318
663324
468709
351778
952875
223013
209917
334772
62938
419150
633225
124883
996855
519677
167641
100111
546780
898431
873329
19077
714262
293186
39804
242442
91056
958720
141118
706343
514413
334925
735023
607320
915110
623460
660178
642802
853324
682865
532162
508732
373739
741383
204972
46461
84842
67175
210621
747205
100910
802793
874978
302224
893743
771077
677751
524252
996932
22153
331572
477205
24189
778638
529302
686133
108623
698597
270133
373097
34996
845707
463835
9016
372272
727013
9551
493761
338190
28469
324751
244909
953693
296362
748643
670671
217873
443199
869631
267980
799930
292211
666526
960912
221298
106132
